0 0
1 0
2 0
3 0
4 0
5 0
6 1 1
7 1 2
8 1 1
9 0
10 1 0
11 1 1
12 1 2
13 1 2
14 1 4
15 1 1
16 1 2
17 1 1
18 1 2
19 1 1
20 1 1
21 1 1
22 1 2
23 1 1
24 0
25 1 9
26 1 2
27 1 1
28 1 1
29 1 5
30 1 1
31 1 2
32 0
33 1 1
34 1 2
35 1 1
36 1 4
37 1 2
38 1 2
39 1 1
40 1 1
41 1 2
42 1 2
43 1 1
44 1 2
45 1 2
46 1 1
47 1 2
48 1 2
49 1 1
50 1 2
51 1 1
52 1 2
53 1 2
54 1 1
55 1 1
56 1 11
57 1 0
58 1 2
59 1 2
60 1 1
61 1 21
62 1 1
63 0
64 1 2
65 1 2
66 0
67 1 2
68 1 2
69 1 1
70 1 1
71 1 2
72 1 2
73 1 2
74 1 2
75 1 2
76 0
77 1 1
78 1 2
79 1 1
80 1 8
81 1 8
82 1 2
83 1 1
84 0
85 1 1
86 1 2
87 1 1
88 1 2
89 1 1
90 1 5
91 1 5
92 1 1
93 1 2
94 1 6
95 1 1
96 2 1 1
97 1 2
98 1 2
99 1 1
100 0
101 1 2
102 1 2
103 1 1
104 1 1
105 1 2
106 1 2
107 1 1
108 0
109 1 1
110 1 2
111 1 1
112 0
113 1 2
114 1 1
115 1 1
116 1 10
117 1 1
118 1 14
119 1 1
120 1 1
121 0
122 1 3
123 1 1
124 1 6
125 1 2
126 1 1
127 1 1
128 1 1
129 0
130 1 1
131 1 1
132 1 2
133 1 1
134 1 6
135 1 2
136 1 1
137 1 2
138 1 2
139 0
140 1 1
141 1 2
142 1 1
143 1 8
144 1 2
145 1 1
146 1 2
147 1 1
148 1 1
149 1 2
150 1 1
151 1 2
152 1 5
153 1 1
154 1 6
155 1 1
156 1 10
157 1 17
158 1 10
159 1 6
160 1 2
161 1 5
162 1 5
163 2 2 5
164 1 2
165 1 2
166 1 6
167 1 2
168 1 2
169 1 2
170 1 2
171 1 2
172 1 2
173 2 2 6
174 1 2
175 2 2 1
176 1 2
177 0
178 1 2
179 1 2
180 1 2
181 1 2
182 1 2
183 1 2
184 1 2
185 1 2
186 1 1
187 1 6
188 1 2
189 1 1
190 1 23
191 1 1
192 1 2
193 1 1
194 1 2
195 1 1
196 1 1
197 1 2
198 1 1
199 1 2
200 1 1
201 1 6
202 1 1
203 1 2
204 1 6
205 1 1
206 1 2
207 1 8
208 1 1
209 1 16
210 1 2
211 1 1
212 1 1
213 1 2
214 1 1
215 1 6
216 1 6
217 1 2
218 1 1
219 1 1
220 1 1
221 1 2
222 1 5
223 1 1
224 1 12
225 1 2
226 1 1
227 1 1
228 1 2
229 2 4 9
230 1 1
231 1 2
232 1 1
233 1 6
234 1 1
235 1 2
236 1 1
237 1 2
238 1 3
239 1 1
240 1 2
241 1 1
242 1 1
243 1 2
244 1 1
245 1 1
246 1 1
247 1 2
248 1 1
249 3 9 4 9
250 1 2
251 1 1
252 1 1
253 1 2
254 1 2
255 1 2
256 1 1
257 1 2
258 1 8
259 1 1
260 1 2
261 1 1
262 1 1
263 1 1
264 1 6
265 1 5
266 1 5
267 2 2 5
268 1 1
269 1 1
270 1 5
271 1 1
272 1 2
273 1 1
274 1 5
275 1 18
276 1 1
277 1 1
278 1 2
279 1 1
280 1 1
281 1 1
282 1 2
283 1 1
284 1 1
285 1 2
286 1 1
287 1 5
288 1 5
289 1 5
290 1 1
291 1 1
292 1 1
293 1 2
294 1 1
295 1 1
296 1 2
297 1 1
298 1 1
299 1 7
300 1 2
301 1 1
302 1 7
303 2 28 7
304 1 1
305 1 1
306 0
307 1 1
308 1 2
309 1 1
310 1 1
311 1 5
312 1 5
313 1 2
314 1 6
315 1 1
316 2 2 7
317 1 1
318 1 1
319 1 2
320 1 1
321 1 1
322 1 1
323 1 2
324 1 1
325 1 1
326 1 1
327 1 2
328 1 2
329 1 6
330 1 6
331 1 2
332 1 2
333 1 8
334 1 2
335 1 11
336 1 12
337 0
338 1 2
339 1 2
340 1 6
341 1 6
342 1 7
343 1 2
344 1 4
345 2 10 4
346 1 2
347 1 2
348 1 4
349 2 10 4
350 1 2
351 1 6
352 2 2 9
353 1 2
354 1 2
355 1 4
356 2 10 4
357 1 2
358 1 2
359 0
360 1 10
361 2 3 10
362 1 2
363 1 4
364 1 1
365 1 2
366 1 1
367 1 2
368 1 1
369 1 2
370 1 1
371 1 1
372 1 6
373 1 12
374 2 2 6
375 1 2
376 1 1
377 1 2
378 1 2
379 0
380 1 2
381 2 1 5
382 1 2
383 1 1
384 1 1
385 1 6
386 1 2
387 1 1
388 1 1
389 1 1
390 1 2
391 0
392 1 1
393 1 1
394 1 2
395 0
396 1 1
397 1 2
398 1 1
399 1 1
400 1 5
401 1 5
402 1 1
403 1 1
404 1 2
405 1 1
406 1 1
407 2 4 16
408 1 2
409 1 1
410 1 1
411 1 1
412 1 1
413 1 2
414 1 1
415 1 1
416 1 2
417 1 1
418 1 1
419 1 1
420 1 2
421 2 1 1
422 1 1
423 1 1
424 0
425 1 2
426 1 1
427 1 1
428 1 1
429 1 2
430 1 1
431 1 1
432 1 2
433 1 1
434 1 1
435 1 2
436 1 2
437 1 1
438 1 2
439 1 13
440 1 2
441 1 1
442 1 1
443 1 1
444 1 2
445 1 1
446 1 1
447 1 1
448 1 1
449 1 1
450 1 2
451 1 1
452 1 1
453 1 1
454 1 1
455 1 2
456 1 6
457 1 1
458 1 1
459 1 1
460 2 1 1
461 1 2
462 1 1
463 1 16
464 1 2
465 0
466 1 2
467 1 2
468 1 1
469 1 1
470 1 2
471 1 1
472 1 2
473 1 2
474 1 2
475 1 1
476 2 6 7
477 1 2
478 1 1
479 1 1
480 1 6
481 2 2 6
482 1 1
483 1 1
484 1 4
485 1 4
486 1 4
487 2 2 4
488 1 1
489 1 1
490 1 2
491 1 1
492 1 2
493 1 6
494 1 1
495 1 6
496 1 2
497 1 4
498 1 4
499 1 1
500 1 1
501 1 2
502 1 2
503 1 2
504 1 1
505 0
506 1 2
507 1 1
508 1 1
509 1 2
510 1 3
511 0
512 1 6
513 1 2
514 1 5
515 1 5
516 2 2 5
517 1 1
518 2 2 7
519 1 2
520 1 2
521 1 1
522 1 2
523 2 1 1
524 1 1
525 1 2
526 1 1
527 1 2
528 1 2
529 1 5
530 1 5
531 1 5
532 1 5
533 1 1
534 1 6
535 1 2
536 1 2
537 1 1
538 1 1
539 1 1
540 1 2
541 1 1
542 1 1
543 1 2
544 1 7
545 1 1
546 1 1
547 1 2
548 1 1
549 1 1
550 1 2
551 2 5 26
552 1 2
553 1 6
554 1 6
555 1 2
556 1 2
557 1 1
558 1 2
559 1 2
560 1 1
561 1 6
562 1 2
563 1 1
564 2 2 7
565 1 1
566 1 2
567 1 5
568 1 5
569 1 1
570 1 2
571 1 2
572 1 2
573 2 3 7
574 1 1
575 1 2
576 1 2
577 1 1
578 1 2
579 1 2
580 1 2
581 1 2
582 1 1
583 1 12
584 1 2
585 1 1
586 1 2
587 1 2
588 1 2
589 1 1
590 1 2
591 1 2
592 1 2
593 1 1
594 1 1
595 0
596 1 4
597 2 12 4
598 1 0
599 1 0
600 1 1
601 1 2
602 1 8
603 2 5 8
604 1 1
605 1 1
606 1 1
607 1 2
608 2 1 1
609 1 1
610 2 2 6
611 1 2
612 1 1
613 1 1
614 1 2
615 1 1
616 1 2
617 1 2
618 1 1
619 1 2
620 1 1
621 1 2
622 1 1
623 1 2
624 1 1
625 1 2
626 1 1
627 1 2
628 1 2
629 1 1
630 1 1
631 1 2
632 1 2
633 1 1
634 1 2
635 1 1
636 1 2
637 1 2
638 1 1
639 1 2
640 1 1
641 1 2
642 1 2
643 1 1
644 1 14
645 1 2
646 1 1
647 1 1
648 1 2
649 1 2
650 1 1
651 1 2
652 1 7
653 1 1
654 1 2
655 1 2
656 1 1
657 1 16
658 1 2
659 1 2
660 1 1
661 1 1
662 1 2
663 1 2
664 1 2
665 1 1
666 1 2
667 1 1
668 1 2
669 1 2
670 1 1
671 1 2
672 1 1
673 1 2
674 1 2
675 1 1
676 1 2
677 1 1
678 1 2
679 1 2
680 3 1 1 1
681 1 6
682 1 2
683 1 2
684 1 1
685 1 2
686 1 1
687 1 2
688 1 2
689 1 1
690 1 2
691 1 1
692 1 2
693 1 2
694 1 1
695 1 2
696 1 1
697 1 18
698 1 2
699 1 2
700 1 1
701 1 2
702 3 1 1 1
703 0
704 1 2
705 1 2
706 1 2
707 1 2
708 1 2
709 1 2
710 1 2
711 1 2
712 1 2
713 1 2
714 1 2
715 1 7
716 2 2 7
717 1 2
718 1 2
719 1 2
720 1 2
721 1 2
722 1 2
723 1 2
724 1 2
725 1 2
726 0
727 1 2
728 2 4 25
729 1 1
730 1 2
731 1 2
732 1 1
733 1 2
734 1 1
735 1 7
736 1 2
737 1 2
738 1 1
739 1 2
740 1 1
741 1 1
742 1 2
743 1 1
744 1 1
745 1 2
746 1 3
747 1 1
748 1 2
749 1 1
750 1 2
751 1 1
752 1 2
753 1 1
754 1 3
755 1 3
756 1 1
757 1 2
758 1 1
759 1 2
760 0
761 1 2
762 0
763 1 1
764 1 12
765 1 2
766 1 1
767 1 5
768 1 5
769 1 1
770 1 6
771 1 16
772 1 2
773 1 1
774 1 3
775 1 2
776 1 1
777 1 2
778 1 1
779 1 4
780 1 2
781 1 1
782 2 2 5
783 1 2
784 1 1
785 1 2
786 1 1
787 1 2
788 1 6
789 1 1
790 1 2
791 1 2
792 1 1
793 1 2
794 1 2
795 1 1
796 1 1
797 1 1
798 1 2
799 1 1
800 1 2
801 2 1 1
802 1 1
803 1 1
804 1 2
805 1 6
806 1 6
807 1 6
808 1 1
809 1 2
810 1 2
811 1 1
812 1 1
813 1 2
814 1 2
815 1 1
816 1 2
817 1 2
818 1 2
819 1 2
820 1 1
821 1 1
822 1 2
823 1 2
824 1 2
825 1 1
826 1 6
827 1 2
828 1 2
829 1 2
830 1 1
831 1 2
832 1 2
833 1 1
834 1 1
835 1 2
836 1 2
837 1 1
838 2 7 9
839 1 2
840 2 2 6
841 1 1
842 1 1
843 1 2
844 1 2
845 1 1
846 1 2
847 1 2
848 1 1
849 1 7
850 1 2
851 1 1
852 1 2
853 1 1
854 2 5 25
855 1 2
856 1 2
857 0
858 1 1
859 1 1
860 1 2
861 1 2
862 0
863 2 4 5
864 1 1
865 1 2
866 0
867 1 1
868 1 2
869 1 2
870 0
871 1 1
872 1 3
873 1 1
874 1 1
875 1 2
876 1 2
877 1 1
878 1 1
879 1 1
880 1 2
881 1 1
882 2 2 4
883 2 1 1
884 1 2
885 1 1
886 1 1
887 1 2
888 1 1
889 1 1
890 1 2
891 1 2
892 1 1
893 1 1
894 1 1
895 1 2
896 1 1
897 1 2
898 1 1
899 1 1
900 1 2
901 1 1
902 1 2
903 1 1
904 1 1
905 1 2
906 2 1 2
907 0
908 1 1
909 1 14
910 1 1
911 1 1
912 1 2
913 1 1
914 1 1
915 1 2
916 1 1
917 3 2 1 7
918 1 1
919 1 1
920 1 1
921 1 1
922 1 1
923 1 1
924 1 1
925 1 2
926 1 1
927 1 1
928 1 1
929 1 1
930 1 1
931 1 1
932 1 1
933 1 1
934 1 1
935 2 1 1
936 1 4
937 1 1
938 1 1
939 1 1
940 1 1
941 1 1
942 2 1 5
943 1 1
944 1 1
945 1 1
946 1 1
947 1 1
948 1 4
949 1 4
950 1 1
951 1 1
952 1 1
953 1 1
954 1 1
955 1 1
956 1 1
957 1 1
958 1 1
959 1 1
960 1 1
961 1 1
962 1 1
963 1 1
964 1 1
965 1 1
966 1 1
967 1 1
968 2 1 20
969 1 20
970 2 6 7
971 1 1
972 1 1
973 1 12
974 1 1
975 1 1
976 1 1
977 1 1
978 1 1
979 1 1
980 3 1 1 1
981 1 1
982 1 1
983 1 1
984 1 1
985 1 25
986 1 1
987 1 1
988 1 6
989 1 1
990 1 1
991 1 1
992 1 1
993 1 1
994 1 1
995 1 1
996 1 1
997 1 1
998 1 1
999 1 1
1000 1 1
1001 1 1
1002 1 1
1003 1 1
1004 1 1
1005 2 6 6
1006 1 1
1007 1 1
1008 2 2 12
1009 1 1
1010 1 1
1011 1 1
1012 1 3
1013 1 1
1014 1 10
1015 2 30 10
1016 1 1
1017 1 2
1018 1 2
1019 1 1
1020 1 5
1021 1 5
1022 1 1
1023 1 1
1024 1 1
1025 1 1
1026 1 2
1027 1 6
1028 1 1
1029 1 2
1030 1 1
1031 1 2
1032 1 1
1033 1 1
1034 1 1
1035 1 2
1036 1 1
1037 1 2
1038 1 1
1039 1 2
1040 2 2 7
1041 1 1
1042 1 1
1043 1 1
1044 1 6
1045 1 2
1046 1 1
1047 1 1
1048 1 10
1049 2 1 10
1050 1 1
1051 1 2
1052 1 1
1053 1 1
1054 2 1 1
1055 1 6
1056 1 1
1057 1 1
1058 1 1
1059 1 1
1060 1 1
1061 1 12
1062 2 30 12
1063 1 1
1064 2 13 11
1065 1 1
1066 2 2 7
1067 1 1
1068 1 1
1069 1 1
1070 2 1 7
1071 1 1
1072 1 6
1073 1 6
1074 1 1
1075 1 1
1076 1 1
1077 1 1
1078 1 1
1079 1 1
1080 1 1
1081 1 1
1082 1 1
1083 1 1
1084 1 1
1085 1 1
1086 1 1
1087 1 1
1088 1 1
1089 2 6 6
1090 1 1
1091 1 1
1092 1 2
1093 1 1
1094 1 1
1095 1 1
1096 1 1
1097 1 1
1098 1 1
1099 1 13
1100 1 1
1101 1 1
1102 1 12
1103 1 12
1104 2 31 12
1105 1 1
1106 1 1
1107 1 1
1108 1 1
1109 1 1
1110 1 6
1111 1 1
1112 1 1
1113 1 4
1114 2 17 4
1115 1 1
1116 1 7
1117 1 6
1118 1 1
1119 1 2
1120 1 1
1121 2 10 12
1122 1 1
1123 1 1
1124 1 1
1125 1 1
1126 1 1
1127 1 1
1128 1 1
1129 1 1
1130 1 1
1131 1 1
1132 1 1
1133 1 1
1134 1 6
1135 2 2 6
1136 1 1
1137 2 6 5
1138 1 1
1139 1 1
1140 1 1
1141 1 1
1142 1 1
1143 1 1
1144 1 1
1145 1 13
1146 2 21 13
1147 1 1
1148 1 1
1149 1 1
1150 1 1
1151 1 1
1152 1 1
1153 1 1
1154 1 6
1155 2 2 11
1156 1 1
1157 1 1
1158 1 1
1159 1 6
1160 1 1
1161 1 1
1162 1 1
1163 1 2
1164 2 1 1
1165 1 1
1166 1 1
1167 1 1
1168 1 1
1169 2 2 7
1170 1 8
1171 2 14 8
1172 1 1
1173 1 1
1174 1 1
1175 1 6
1176 1 1
1177 1 1
1178 1 1
1179 1 2
1180 2 2 7
1181 1 1
1182 1 1
1183 1 3
1184 1 2
1185 1 20
1186 1 4
1187 1 1
1188 1 1
1189 1 1
1190 1 1
1191 1 1
1192 1 1
1193 1 6
1194 1 1
1195 1 1
1196 1 1
1197 1 1
1198 1 1
1199 2 1 1
1200 1 1
1201 0
1202 1 6
1203 1 1
1204 2 6 13
1205 1 1
1206 1 1
1207 1 1
1208 1 1
1209 1 1
1210 1 1
1211 1 1
1212 1 1
1213 1 1
1214 0
1215 1 1
1216 2 6 5
1217 1 1
1218 1 1
1219 1 1
1220 2 6 6
1221 1 1
1222 1 1
1223 1 1
1224 1 14
1225 1 1
1226 1 2
1227 1 1
1228 1 1
1229 1 1
1230 1 7
1231 1 1
1232 1 1
1233 1 1
1234 1 1
1235 1 6
1236 1 1
1237 1 1
1238 1 1
1239 1 1
1240 1 1
1241 1 1
1242 1 1
1243 1 1
1244 1 1
1245 1 2
1246 1 1
1247 1 7
1248 1 1
1249 1 1
1250 1 11
1251 1 1
1252 1 6
1253 1 1
1254 1 1
1255 1 1
1256 1 1
1257 1 1
1258 1 1
1259 1 1
1260 1 1
1261 1 1
1262 1 1
1263 1 1
1264 1 1
1265 1 1
1266 1 1
1267 1 1
1268 1 6
1269 1 6
1270 1 1
1271 1 1
1272 1 1
1273 1 1
1274 1 1
1275 1 1
1276 1 1
1277 1 1
1278 1 1
1279 1 1
1280 2 2 11
1281 1 1
1282 1 1
1283 1 2
1284 1 1
1285 1 1
1286 2 6 6
1287 1 1
1288 1 1
1289 1 1
1290 1 1
1291 1 1
1292 1 1
1293 1 1
1294 1 1
1295 1 1
1296 1 1
1297 1 1
1298 1 1
1299 1 1
1300 1 6
1301 2 12 6
1302 1 1
1303 1 9
1304 1 6
1305 1 1
1306 1 1
1307 1 1
1308 1 1
1309 1 1
1310 1 1
1311 1 1
1312 1 6
1313 1 4
1314 2 12 4
1315 1 3
1316 1 1
1317 1 1
1318 1 2
1319 1 1
1320 1 2
1321 1 1
1322 1 1
1323 1 2
1324 1 1
1325 1 1
1326 1 4
1327 1 4
1328 1 2
1329 1 1
1330 1 1
1331 1 1
1332 1 2
1333 1 1
1334 1 1
1335 1 1
1336 1 2
1337 1 1
1338 1 1
1339 1 1
1340 1 6
1341 1 10
1342 1 1
1343 1 1
1344 1 1
1345 1 11
1346 1 1
1347 1 2
1348 1 1
1349 1 1
1350 1 2
1351 1 1
1352 1 1
1353 1 1
1354 1 2
1355 1 1
1356 1 1
1357 1 1
1358 1 2
1359 2 1 1
1360 1 2
1361 1 1
1362 1 1
1363 1 2
1364 1 1
1365 1 1
1366 1 1
1367 1 1
1368 1 2
1369 1 1
1370 1 1
1371 0
1372 1 1
1373 1 1
1374 1 1
1375 1 1
1376 1 1
1377 1 1
1378 1 1
1379 1 1
1380 1 1
1381 1 1
1382 1 8
1383 1 1
1384 1 1
1385 1 6
1386 1 1
1387 1 1
1388 1 1
1389 1 1
1390 1 1
1391 1 1
1392 1 1
1393 1 1
1394 1 1
1395 1 1
1396 1 1
1397 1 1
1398 1 1
1399 1 1
1400 1 7
1401 1 1
1402 1 6
1403 1 1
1404 1 1
1405 1 1
1406 1 1
1407 1 1
1408 1 1
1409 1 13
1410 1 1
1411 1 1
1412 1 1
1413 1 1
1414 1 1
1415 1 1
1416 1 1
1417 1 1
1418 1 1
1419 1 1
1420 1 6
1421 1 1
1422 1 1
1423 1 1
1424 1 1
1425 1 1
1426 1 1
1427 1 1
1428 1 1
1429 1 1
1430 1 1
1431 1 1
1432 1 1
1433 1 6
1434 1 1
1435 1 1
1436 1 1
1437 1 1
1438 1 1
1439 1 1
1440 1 1
1441 1 1
1442 1 2
1443 1 1
1444 1 1
1445 1 2
1446 1 1
1447 1 1
1448 1 1
1449 1 1
1450 1 10
1451 1 6
1452 1 1
1453 1 1
1454 1 1
1455 1 1
1456 1 1
1457 1 1
1458 1 1
1459 1 1
1460 1 1
1461 1 19
1462 1 1
1463 1 1
1464 1 1
1465 1 1
1466 1 6
1467 1 6
1468 1 1
1469 1 1
1470 1 1
1471 1 1
1472 1 1
1473 1 1
1474 1 1
1475 1 9
1476 1 1
1477 1 1
1478 1 1
1479 1 6
1480 1 1
1481 1 1
1482 1 7
1483 2 15 7
1484 1 1
1485 1 1
1486 1 1
1487 2 6 5
1488 1 1
1489 1 1
1490 1 1
1491 1 1
1492 1 1
1493 1 1
1494 1 1
1495 1 1
1496 1 1
1497 1 1
1498 1 5
1499 2 5 5
1500 1 1
1501 1 1
1502 1 1
1503 1 1
1504 1 1
1505 1 2
1506 2 2 2
1507 1 6
1508 1 6
1509 1 1
1510 1 1
1511 1 1
1512 1 1
1513 0
1514 0
1515 1 1
1516 1 1
1517 1 1
1518 1 1
1519 1 1
1520 1 1
1521 1 1
1522 1 1
1523 1 1
1524 1 6
1525 1 6
1526 1 7
1527 1 7
1528 1 1
1529 0
1530 1 12
1531 1 1
1532 1 1
1533 1 1
1534 1 1
1535 1 1
1536 1 1
1537 1 1
1538 1 1
1539 1 1
1540 1 1
1541 1 1
1542 0
1543 1 1
1544 2 6 6
1545 1 1
1546 1 1
1547 1 1
1548 1 1
1549 1 1
1550 1 1
1551 1 2
1552 1 1
1553 1 1
1554 1 1
1555 1 2
1556 1 1
1557 1 1
1558 1 3
1559 1 1
1560 1 2
1561 1 1
1562 1 1
1563 1 6
1564 1 1
1565 1 1
1566 1 1
1567 1 2
1568 1 1
1569 1 1
1570 1 2
1571 1 1
1572 1 1
1573 1 1
1574 1 2
1575 1 1
1576 1 1
1577 1 1
1578 1 1
1579 1 2
1580 1 1
1581 1 1
1582 1 7
1583 1 2
1584 1 1
1585 1 2
1586 1 1
1587 1 1
1588 1 1
1589 1 2
1590 1 1
1591 1 1
1592 1 2
1593 1 1
1594 1 1
1595 1 1
1596 1 2
1597 1 1
1598 1 6
1599 1 1
1600 1 1
1601 1 1
1602 1 2
1603 1 1
1604 1 1
1605 1 1
1606 1 2
1607 1 7
1608 1 7
1609 1 1
1610 1 1
1611 1 2
1612 1 1
1613 1 1
1614 1 1
1615 1 1
1616 1 3
1617 1 2
1618 1 1
1619 1 1
1620 1 1
1621 1 2
1622 1 1
1623 1 1
1624 1 1
1625 1 2
1626 1 1
1627 1 1
1628 1 1
1629 1 2
1630 1 1
1631 1 1
1632 1 1
1633 0
1634 1 1
1635 1 1
1636 1 1
1637 1 1
1638 1 1
1639 1 1
1640 1 1
1641 1 1
1642 1 1
1643 3 2 7 1
1644 1 1
1645 1 1
1646 1 1
1647 1 1
1648 1 1
1649 1 6
1650 0
1651 1 10
1652 1 10
1653 1 1
1654 1 1
1655 1 1
1656 1 1
1657 1 1
1658 3 1 1 1
1659 1 1
1660 1 3
1661 1 1
1662 1 1
1663 1 1
1664 1 1
1665 1 1
1666 1 1
1667 1 1
1668 1 1
1669 1 6
1670 1 1
1671 1 1
1672 1 1
1673 1 1
1674 2 1 1
1675 1 1
1676 1 1
1677 1 1
1678 1 1
1679 1 6
1680 1 1
1681 1 1
1682 1 1
1683 1 12
1684 1 1
1685 1 6
1686 1 1
1687 1 6
1688 2 12 6
1689 1 14
1690 1 6
1691 1 4
1692 2 11 4
1693 1 4
1694 2 11 4
1695 1 6
1696 1 4
1697 1 4
1698 2 6 6
1699 2 6 5
1700 2 6 5
1701 2 3 14
1702 1 6
1703 1 6
1704 1 6
1705 1 6
1706 1 5
1707 1 11
1708 1 4
1709 1 4
1710 1 6
1711 2 7 8
1712 1 6
1713 2 6 8
1714 1 13
1715 2 1 5
1716 1 4
1717 1 4
1718 1 6
1719 1 2
1720 1 7
1721 1 7
1722 1 10
1723 1 0
1724 1 6
1725 1 2
1726 1 2
1727 1 2
1728 1 2
1729 1 2
1730 1 4
1731 1 2
1732 1 2
1733 1 2
1734 1 2
1735 1 6
1736 1 2
1737 1 2
1738 1 2
1739 1 4
1740 1 1
1741 1 1
1742 1 1
1743 1 2
1744 1 1
1745 1 1
1746 1 2
1747 1 1
1748 1 1
1749 1 1
1750 1 2
1751 1 1
1752 1 4
1753 1 6
1754 1 1
1755 1 1
1756 1 2
1757 1 1
1758 1 1
1759 1 2
1760 1 1
1761 1 1
1762 1 1
1763 1 1
1764 1 2
1765 1 1
1766 1 1
1767 1 6
1768 1 1
1769 1 1
1770 1 1
1771 1 2
1772 1 1
1773 1 1
1774 1 1
1775 1 2
1776 1 1
1777 1 2
1778 1 1
1779 1 9
1780 3 4 8 9
1781 1 2
1782 1 1
1783 1 1
1784 1 2
1785 1 1
1786 1 2
1787 1 11
1788 1 1
1789 0
1790 1 1
1791 1 1
1792 1 1
1793 3 12 8 6
1794 1 4
1795 2 11 4
1796 1 1
1797 1 1
1798 1 9
1799 1 1
1800 1 1
1801 1 4
1802 1 1
1803 1 1
1804 1 1
1805 0
1806 1 8
1807 1 2
1808 1 1
1809 1 2
1810 1 1
1811 1 1
1812 1 2
1813 3 12 16 10
1814 1 1
1815 1 2
1816 1 8
1817 1 1
1818 1 2
1819 1 1
1820 1 1
1821 1 1
1822 1 1
1823 1 1
1824 1 1
1825 1 1
1826 1 1
1827 1 1
1828 3 20 16 9
1829 1 1
1830 1 1
1831 1 8
1832 1 1
1833 1 1
1834 1 2
1835 1 1
1836 1 1
1837 1 1
1838 1 1
1839 3 2 6 5
1840 1 1
1841 1 1
1842 1 1
1843 2 8 8
1844 1 1
1845 1 1
1846 1 6
1847 1 1
1848 1 1
1849 1 1
1850 1 1
1851 2 13 4
1852 1 1
1853 1 1
1854 1 1
1855 1 1
1856 1 7
1857 1 1
1858 1 4
1859 1 4
1860 1 7
1861 1 1
1862 1 1
1863 1 1
1864 1 1
1865 1 1
1866 1 1
1867 1 1
1868 1 1
1869 1 1
1870 1 1
1871 1 7
1872 1 1
1873 1 1
1874 1 1
1875 1 1
1876 1 1
1877 1 1
1878 1 2
1879 2 13 4
1880 1 1
1881 1 1
1882 1 1
1883 1 1
1884 1 1
1885 1 2
1886 1 1
1887 2 1 1
1888 1 1
1889 1 4
1890 1 4
1891 1 1
1892 1 1
1893 1 1
1894 1 1
1895 2 1 1
1896 1 1
1897 1 1
1898 1 1
1899 1 1
1900 1 1
1901 1 1
1902 1 1
1903 1 1
1904 1 1
1905 1 1
1906 1 1
1907 1 7
1908 1 7
1909 1 1
1910 1 1
1911 1 1
1912 1 1
1913 1 1
1914 1 1
1915 1 1
1916 1 1
1917 1 1
1918 1 1
1919 1 1
1920 1 1
1921 1 1
1922 1 1
1923 1 6
1924 2 2 6
1925 1 6
1926 1 1
1927 1 1
1928 1 1
1929 1 1
1930 1 1
1931 1 1
1932 1 1
1933 1 1
1934 1 1
1935 1 1
1936 1 1
1937 1 5
1938 1 1
1939 1 1
1940 1 1
1941 1 1
1942 1 1
1943 1 1
1944 1 1
1945 1 1
1946 1 1
1947 1 1
1948 1 1
1949 1 1
1950 1 9
1951 1 1
1952 1 1
1953 1 1
1954 1 1
1955 1 1
1956 1 1
1957 1 1
1958 1 1
1959 1 1
1960 1 1
1961 1 1
1962 1 1
1963 1 1
1964 1 1
1965 1 1
1966 1 1
1967 1 1
1968 1 1
1969 1 8
1970 1 1
1971 1 1
1972 1 1
1973 1 1
1974 1 1
1975 1 1
1976 1 1
1977 1 1
1978 1 1
1979 1 1
1980 1 1
1981 1 1
1982 1 1
1983 1 1
1984 1 1
1985 1 1
1986 1 1
1987 1 1
1988 1 1
1989 1 1
1990 1 1
1991 1 1
1992 1 1
1993 1 1
1994 1 1
1995 1 1
1996 1 1
1997 1 16
1998 1 1
1999 1 1
2000 1 1
2001 1 1
2002 1 1
2003 1 1
2004 1 1
2005 1 1
2006 1 1
2007 1 1
2008 1 1
2009 1 1
2010 1 1
2011 1 1
2012 1 1
2013 1 1
2014 1 1
2015 1 1
2016 2 2 6
2017 1 1
2018 1 1
2019 1 1
2020 1 1
2021 1 1
2022 1 1
2023 1 1
2024 1 1
2025 1 1
2026 1 1
2027 1 1
2028 1 1
2029 1 1
2030 1 1
2031 1 1
2032 1 1
2033 1 1
2034 1 1
2035 1 1
2036 3 4 15 11
2037 1 1
2038 1 1
2039 1 1
2040 1 1
2041 1 1
2042 1 8
2043 1 1
2044 1 1
2045 1 1
2046 1 1
2047 1 2
2048 1 1
2049 1 1
2050 1 1
2051 1 1
2052 1 1
2053 1 6
2054 1 1
2055 1 9
2056 1 2
2057 1 11
2058 2 7 4
2059 1 6
2060 1 10
2061 1 12
2062 1 12
2063 1 4
2064 2 12 4
2065 1 10
2066 1 4
2067 2 12 4
2068 1 12
2069 1 4
2070 2 1 4
2071 1 4
2072 0
2073 1 2
2074 1 5
2075 1 14
2076 1 2
2077 1 5
2078 2 5 5
2079 1 5
2080 2 15 5
2081 1 13
2082 1 5
2083 2 13 5
2084 1 5
2085 2 2 5
2086 2 1 5
2087 1 2
2088 1 13
2089 1 2
2090 1 5
2091 1 3
2092 1 7
2093 1 10
2094 1 11
2095 2 2 7
2096 1 31
2097 1 15
2098 1 5
2099 2 18 5
2100 1 6
2101 2 17 6
2102 1 6
2103 2 14 6
2104 1 5
2105 2 5 1
2106 1 3
2107 1 35
2108 1 11
2109 1 11
2110 2 11 1
2111 1 14
2112 2 19 14
2113 2 3 10
2114 1 3
2115 1 7
2116 1 9
2117 2 9 1
2118 1 16
2119 1 2
2120 1 2
2121 1 21
2122 1 7
2123 2 10 7
2124 1 14
2125 0
2126 1 8
2127 2 20 8
2128 2 16 8
2129 1 6
2130 2 16 6
2131 1 8
2132 1 3
2133 3 4 1 7
2134 1 6
2135 2 16 6
2136 1 18
2137 1 5
2138 1 10
2139 1 2
2140 3 2 1 9
2141 1 7
2142 2 15 7
2143 1 5
2144 2 12 5
2145 1 9
2146 1 10
2147 1 4
2148 2 10 4
2149 1 2
2150 1 9
2151 1 15
2152 1 7
2153 2 2 9
2154 1 5
2155 2 4 7
2156 1 2
2157 1 12
2158 1 8
2159 1 11
2160 1 4
2161 2 4 4
2162 2 4 7
2163 1 14
2164 2 2 11
2165 1 20
2166 2 3 14
2167 1 13
2168 1 24
2169 1 15
2170 1 10
2171 1 18
2172 2 1 4
2173 1 7
2174 2 19 7
2175 1 12
2176 1 7
2177 1 19
2178 1 14
2179 1 8
2180 1 18
2181 1 6
2182 2 16 6
2183 1 6
2184 1 16
2185 1 6
2186 2 14 6
2187 1 5
2188 2 14 14
2189 1 20
2190 1 8
2191 2 4 14
2192 1 5
2193 2 2 1
2194 1 6
2195 1 6
2196 1 8
2197 1 11
2198 1 3
2199 2 9 3
2200 1 15
2201 1 12
2202 1 4
2203 2 11 4
2204 1 4
2205 2 2 4
2206 1 4
2207 1 2
2208 1 9
2209 1 20
2210 1 7
2211 1 7
2212 2 18 7
2213 2 19 7
2214 2 2 7
2215 1 6
2216 1 14
2217 1 7
2218 1 7
2219 2 9 7
2220 1 5
2221 1 1
2222 2 2 10
2223 1 2
2224 1 3
2225 1 7
2226 2 1 7
2227 1 8
2228 1 11
2229 1 13
2230 1 4
2231 2 12 4
2232 2 12 4
2233 1 3
2234 2 13 12
2235 1 3
2236 1 3
2237 1 4
2238 1 2
2239 1 8
2240 1 13
2241 2 2 13
2242 1 8
2243 1 16
2244 1 2
2245 1 17
2246 1 19
2247 1 8
2248 2 3 13
2249 1 7
2250 1 2
2251 1 18
2252 1 0
2253 1 12
2254 1 12
2255 1 4
2256 2 13 4
2257 1 4
2258 1 4
2259 1 4
2260 1 2
2261 0
2262 1 3
2263 1 15
2264 1 6
2265 1 18
2266 3 4 16 1
2267 2 2 1
2268 2 21 14
2269 2 17 14
2270 1 19
2271 1 0
2272 1 6
2273 2 15 6
2274 1 5
2275 2 3 5
2276 1 1
2277 1 2
2278 1 20
2279 1 0
2280 1 12
2281 1 6
2282 3 2 6 1
2283 1 8
2284 1 17
2285 2 2 8
2286 1 12
2287 1 6
2288 1 2
2289 1 6
2290 2 3 11
2291 1 5
2292 1 7
2293 2 2 1
2294 1 10
2295 1 0
2296 1 7
2297 1 8
2298 1 10
2299 1 0
2300 3 2 8 6
2301 1 15
2302 1 7
2303 2 2 14
2304 1 12
2305 1 12
2306 1 4
2307 2 11 4
2308 2 13 4
2309 1 4
2310 2 13 4
2311 1 8
2312 1 4
2313 1 4
2314 1 17
2315 1 17
2316 1 6
2317 1 13
2318 1 4
2319 2 19 4
2320 1 7
2321 2 16 7
2322 1 20
2323 1 6
2324 2 6 14
2325 1 8
2326 2 16 8
2327 2 1 2
2328 1 3
2329 1 12
2330 1 4
2331 2 2 4
2332 0
2333 1 16
2334 1 16
2335 1 8
2336 1 10
2337 1 13
2338 1 4
2339 1 3
2340 1 10
2341 1 13
2342 1 14
2343 1 14
2344 1 9
2345 1 14
2346 1 0
2347 2 15 0
2348 1 7
2349 1 5
2350 0
2351 1 11
2352 1 0
2353 2 14 0
2354 1 0
2355 2 14 0
2356 1 7
2357 2 9 7
2358 1 5
2359 1 5
2360 1 8
2361 1 7
2362 1 10
2363 1 12
2364 1 0
2365 2 14 0
2366 1 4
2367 1 10
2368 1 4
2369 1 12
2370 1 0
2371 1 2
2372 1 16
2373 1 10
2374 2 2 10
2375 1 6
2376 1 6
2377 1 1
2378 1 5
2379 1 5
2380 1 2
2381 1 6
2382 1 6
2383 1 2
2384 1 7
2385 1 7
2386 1 15
2387 1 2
2388 1 15
2389 1 9
2390 0
2391 1 10
2392 1 19
2393 1 7
2394 2 14 7
2395 1 15
2396 1 7
2397 1 5
2398 3 4 3 5
2399 1 13
2400 1 14
2401 1 4
2402 2 19 4
2403 1 8
2404 2 4 13
2405 1 13
2406 1 17
2407 1 6
2408 2 18 6
2409 1 7
2410 1 7
2411 1 22
2412 1 25
2413 1 10
2414 2 3 10
2415 1 13
2416 2 13 10
2417 1 3
2418 1 13
2419 2 5 13
2420 2 2 13
2421 1 5
2422 1 2
2423 1 5
2424 1 11
2425 1 4
2426 1 1
2427 1 2
2428 1 5
2429 1 5
2430 1 11
2431 2 2 13
2432 1 3
2433 1 1
2434 2 2 13
2435 1 6
2436 1 5
