0 0
1 0
2 0
3 0
4 0
5 0
6 1 3
7 1 2
8 1 4
9 0
10 1 9
11 1 8
12 1 7
13 1 6
14 1 1
15 1 11
16 1 12
17 1 15
18 1 16
19 1 17
20 1 19
21 1 5
22 1 18
23 1 21
24 0
25 1 1
26 1 22
27 1 23
28 1 23
29 1 14
30 1 28
31 1 26
32 0
33 1 30
34 1 31
35 1 33
36 1 25
37 1 32
38 1 34
39 1 35
40 1 39
41 1 37
42 1 38
43 1 40
44 1 41
45 1 42
46 1 43
47 1 24
48 1 44
49 1 46
50 1 45
51 1 49
52 1 48
53 1 50
54 1 51
55 1 51
56 1 29
57 1 56
58 1 52
59 1 53
60 1 55
61 1 0
62 1 60
63 0
64 1 59
65 1 58
66 0
67 1 64
68 1 63
69 1 65
70 1 69
71 1 67
72 1 68
73 1 58
74 1 71
75 1 72
76 0
77 1 73
78 1 74
79 1 77
80 1 61
81 1 61
82 1 78
83 1 62
84 0
85 1 83
86 1 82
87 1 85
88 1 86
89 1 87
90 1 81
91 1 81
92 1 89
93 1 88
94 1 76
95 1 92
96 2 92 75
97 1 93
98 1 94
99 1 96
100 0
101 1 97
102 1 98
103 1 99
104 1 103
105 1 101
106 1 102
107 1 106
108 0
109 1 107
110 1 105
111 1 109
112 0
113 1 110
114 1 111
115 1 114
116 1 91
117 1 115
118 1 80
119 1 117
120 1 104
121 0
122 1 116
123 1 120
124 1 108
125 1 119
126 1 123
127 1 126
128 1 126
129 0
130 1 128
131 1 130
132 1 129
133 1 131
134 1 121
135 1 132
136 1 133
137 1 134
138 1 124
139 0
140 1 136
141 1 137
142 1 140
143 1 13
144 1 141
145 1 142
146 1 144
147 1 145
148 1 147
149 1 146
150 1 148
151 1 149
152 1 143
153 1 150
154 1 139
155 1 153
156 1 138
157 1 118
158 1 138
159 1 154
160 1 144
161 1 160
162 1 160
163 2 151 160
164 1 101
165 1 163
166 1 159
167 1 165
168 1 167
169 1 168
170 1 169
171 1 169
172 1 169
173 2 113 164
174 1 170
175 2 172 174
176 1 173
177 0
178 1 175
179 1 176
180 1 178
181 1 179
182 1 180
183 1 181
184 1 182
185 1 183
186 1 184
187 1 177
188 1 185
189 1 186
190 1 157
191 1 189
192 1 188
193 1 191
194 1 192
195 1 193
196 1 195
197 1 194
198 1 196
199 1 197
200 1 198
201 1 187
202 1 200
203 1 199
204 1 166
205 1 202
206 1 203
207 1 152
208 1 205
209 1 171
210 1 206
211 1 208
212 1 211
213 1 210
214 1 212
215 1 201
216 1 201
217 1 213
218 1 214
219 1 218
220 1 218
221 1 217
222 1 207
223 1 219
224 1 190
225 1 221
226 1 223
227 1 226
228 1 225
229 2 100 204
230 1 227
231 1 228
232 1 230
233 1 215
234 1 232
235 1 231
236 1 234
237 1 235
238 1 233
239 1 236
240 1 237
241 1 239
242 1 241
243 1 240
244 1 242
245 1 244
246 1 244
247 1 243
248 1 245
249 3 204 112 229
250 1 247
251 1 248
252 1 251
253 1 250
254 1 250
255 1 250
256 1 252
257 1 253
258 1 222
259 1 256
260 1 257
261 1 259
262 1 260
263 1 261
264 1 166
265 1 254
266 1 254
267 2 262 254
268 1 263
269 1 153
270 1 255
271 1 268
272 1 267
273 1 269
274 1 258
275 1 224
276 1 271
277 1 273
278 1 272
279 1 276
280 1 277
281 1 279
282 1 278
283 1 281
284 1 280
285 1 282
286 1 283
287 1 270
288 1 270
289 1 270
290 1 284
291 1 286
292 1 286
293 1 285
294 1 290
295 1 291
296 1 293
297 1 294
298 1 295
299 1 274
300 1 296
301 1 297
302 1 275
303 2 157 275
304 1 298
305 1 301
306 0
307 1 304
308 1 300
309 1 306
310 1 307
311 1 289
312 1 289
313 1 308
314 1 287
315 1 310
316 2 305 156
317 1 309
318 1 315
319 1 313
320 1 317
321 1 318
322 1 320
323 1 319
324 1 321
325 1 322
326 1 324
327 1 323
328 1 327
329 1 314
330 1 314
331 1 328
332 1 331
333 1 316
334 1 332
335 1 303
336 1 299
337 0
338 1 334
339 1 338
340 1 330
341 1 330
342 1 329
343 1 339
344 1 336
345 2 258 336
346 1 343
347 1 346
348 1 345
349 2 207 345
350 1 347
351 1 337
352 2 155 333
353 1 350
354 1 353
355 1 349
356 2 143 349
357 1 354
358 1 357
359 0
360 1 342
361 2 158 342
362 1 358
363 1 356
364 1 359
365 1 362
366 1 364
367 1 365
368 1 366
369 1 358
370 1 368
371 1 370
372 1 351
373 1 352
374 2 367 369
375 1 374
376 1 320
377 1 375
378 1 377
379 0
380 1 378
381 2 325 376
382 1 380
383 1 371
384 1 381
385 1 372
386 1 382
387 1 384
388 1 383
389 1 387
390 1 386
391 0
392 1 389
393 1 389
394 1 390
395 0
396 1 392
397 1 394
398 1 396
399 1 395
400 1 385
401 1 385
402 1 398
403 1 399
404 1 397
405 1 402
406 1 403
407 2 127 373
408 1 404
409 1 405
410 1 406
411 1 410
412 1 409
413 1 408
414 1 411
415 1 412
416 1 413
417 1 415
418 1 410
419 1 417
420 1 416
421 2 418 410
422 1 419
423 1 419
424 0
425 1 420
426 1 422
427 1 424
428 1 426
429 1 425
430 1 428
431 1 427
432 1 429
433 1 430
434 1 431
435 1 432
436 1 433
437 1 434
438 1 435
439 1 238
440 1 436
441 1 437
442 1 440
443 1 440
444 1 438
445 1 441
446 1 443
447 1 442
448 1 445
449 1 446
450 1 444
451 1 447
452 1 449
453 1 451
454 1 448
455 1 450
456 1 264
457 1 452
458 1 453
459 1 454
460 2 458 457
461 1 455
462 1 459
463 1 407
464 1 461
465 0
466 1 460
467 1 464
468 1 465
469 1 468
470 1 467
471 1 469
472 1 470
473 1 470
474 1 470
475 1 471
476 2 264 456
477 1 472
478 1 475
479 1 477
480 1 466
481 2 423 466
482 1 478
483 1 482
484 1 473
485 1 474
486 1 474
487 2 479 474
488 1 483
489 1 488
490 1 487
491 1 489
492 1 490
493 1 476
494 1 491
495 1 481
496 1 492
497 1 484
498 1 484
499 1 494
500 1 499
501 1 496
502 1 498
503 1 498
504 1 500
505 0
506 1 501
507 1 505
508 1 507
509 1 506
510 1 503
511 0
512 1 493
513 1 509
514 1 497
515 1 497
516 2 502 497
517 1 511
518 2 393 495
519 1 513
520 1 516
521 1 517
522 1 519
523 2 521 508
524 1 117
525 1 520
526 1 524
527 1 522
528 1 525
529 1 512
530 1 512
531 1 512
532 1 512
533 1 526
534 1 510
535 1 527
536 1 528
537 1 536
538 1 533
539 1 5
540 1 535
541 1 539
542 1 538
543 1 540
544 1 518
545 1 542
546 1 541
547 1 543
548 1 545
549 1 546
550 1 182
551 2 95 463
552 1 547
553 1 534
554 1 534
555 1 550
556 1 552
557 1 549
558 1 555
559 1 556
560 1 557
561 1 314
562 1 559
563 1 560
564 2 561 288
565 1 563
566 1 562
567 1 553
568 1 553
569 1 565
570 1 564
571 1 566
572 1 567
573 2 340 554
574 1 569
575 1 570
576 1 571
577 1 574
578 1 572
579 1 575
580 1 576
581 1 576
582 1 577
583 1 544
584 1 578
585 1 548
586 1 580
587 1 579
588 1 584
589 1 585
590 1 586
591 1 587
592 1 588
593 1 589
594 1 591
595 0
596 1 583
597 2 495 583
598 1 597
599 1 597
600 1 594
601 1 592
602 1 568
603 2 360 568
604 1 601
605 1 601
606 1 600
607 1 595
608 2 604 605
609 1 606
610 2 590 581
611 1 607
612 1 609
613 1 593
614 1 610
615 1 613
616 1 611
617 1 614
618 1 615
619 1 616
620 1 618
621 1 617
622 1 618
623 1 619
624 1 622
625 1 621
626 1 624
627 1 623
628 1 625
629 1 627
630 1 626
631 1 504
632 1 628
633 1 630
634 1 629
635 1 633
636 1 632
637 1 634
638 1 635
639 1 636
640 1 638
641 1 637
642 1 639
643 1 640
644 1 599
645 1 641
646 1 643
647 1 643
648 1 642
649 1 645
650 1 647
651 1 648
652 1 631
653 1 650
654 1 649
655 1 651
656 1 653
657 1 551
658 1 654
659 1 655
660 1 656
661 1 660
662 1 658
663 1 659
664 1 216
665 1 661
666 1 663
667 1 665
668 1 664
669 1 666
670 1 667
671 1 668
672 1 670
673 1 669
674 1 671
675 1 672
676 1 673
677 1 675
678 1 674
679 1 676
680 3 677 457 458
681 1 76
682 1 678
683 1 679
684 1 681
685 1 682
686 1 684
687 1 683
688 1 685
689 1 686
690 1 687
691 1 689
692 1 688
693 1 690
694 1 691
695 1 692
696 1 694
697 1 644
698 1 693
699 1 695
700 1 696
701 1 698
702 3 79 70 700
703 0
704 1 699
705 1 701
706 1 704
707 1 703
708 1 705
709 1 706
710 1 707
711 1 708
712 1 709
713 1 710
714 1 711
715 1 697
716 2 20 697
717 1 712
718 1 713
719 1 714
720 1 717
721 1 718
722 1 719
723 1 720
724 1 721
725 1 722
726 0
727 1 723
728 2 54 657
729 1 726
730 1 725
731 1 727
732 1 729
733 1 730
734 1 732
735 1 716
736 1 731
737 1 733
738 1 734
739 1 736
740 1 737
741 1 738
742 1 739
743 1 741
744 1 743
745 1 742
746 1 740
747 1 744
748 1 745
749 1 747
750 1 748
751 1 749
752 1 750
753 1 751
754 1 746
755 1 746
756 1 753
757 1 752
758 1 756
759 1 757
760 0
761 1 759
762 0
763 1 762
764 1 735
765 1 761
766 1 763
767 1 755
768 1 755
769 1 766
770 1 754
771 1 728
772 1 765
773 1 769
774 1 746
775 1 772
776 1 773
777 1 774
778 1 776
779 1 764
780 1 775
781 1 778
782 2 777 755
783 1 780
784 1 781
785 1 782
786 1 784
787 1 783
788 1 770
789 1 786
790 1 785
791 1 787
792 1 789
793 1 790
794 1 791
795 1 792
796 1 793
797 1 796
798 1 794
799 1 797
800 1 798
801 2 760 795
802 1 799
803 1 724
804 1 800
805 1 788
806 1 788
807 1 788
808 1 803
809 1 804
810 1 807
811 1 808
812 1 811
813 1 809
814 1 810
815 1 812
816 1 662
817 1 813
818 1 813
819 1 814
820 1 815
821 1 820
822 1 816
823 1 817
824 1 819
825 1 821
826 1 805
827 1 822
828 1 824
829 1 823
830 1 825
831 1 827
832 1 829
833 1 830
834 1 833
835 1 831
836 1 832
837 1 834
838 2 554 806
839 1 835
840 2 836 818
841 1 837
842 1 841
843 1 839
844 1 840
845 1 842
846 1 843
847 1 844
848 1 845
849 1 826
850 1 846
851 1 848
852 1 847
853 1 851
854 2 27 771
855 1 850
856 1 852
857 0
858 1 853
859 1 858
860 1 856
861 1 857
862 0
863 2 602 849
864 1 862
865 1 860
866 0
867 1 864
868 1 865
869 1 866
870 0
871 1 867
872 1 233
873 1 870
874 1 871
875 1 868
876 1 872
877 1 873
878 1 874
879 1 601
880 1 875
881 1 878
882 2 876 439
883 2 605 879
884 1 880
885 1 881
886 1 883
887 1 882
888 1 885
889 1 886
890 1 884
891 1 887
892 1 888
893 1 889
894 1 889
895 1 890
896 1 892
897 1 891
898 1 893
899 1 896
900 1 895
901 1 898
902 1 897
903 1 899
904 1 537
905 1 900
906 2 903 135
907 0
908 1 904
909 1 854
910 1 906
911 1 908
912 1 905
913 1 910
914 1 911
915 1 912
916 1 537
917 3 326 913 209
918 1 914
919 1 916
920 1 918
921 1 919
922 1 920
923 1 921
924 1 922
925 1 915
926 1 923
927 1 924
928 1 926
929 1 927
930 1 928
931 1 929
932 1 930
933 1 931
934 1 932
935 2 933 901
936 1 925
937 1 935
938 1 796
939 1 934
940 1 934
941 1 938
942 2 939 289
943 1 941
944 1 942
945 1 943
946 1 944
947 1 945
948 1 936
949 1 936
950 1 946
951 1 947
952 1 950
953 1 951
954 1 952
955 1 953
956 1 953
957 1 954
958 1 955
959 1 957
960 1 958
961 1 959
962 1 959
963 1 960
964 1 961
965 1 963
966 1 964
967 1 965
968 2 758 909
969 1 909
970 2 949 948
971 1 966
972 1 967
973 1 917
974 1 971
975 1 972
976 1 974
977 1 975
978 1 976
979 1 977
980 3 979 935 901
981 1 799
982 1 978
983 1 981
984 1 982
985 1 909
986 1 983
987 1 984
988 1 970
989 1 986
990 1 828
991 1 987
992 1 989
993 1 990
994 1 992
995 1 993
996 1 994
997 1 995
998 1 996
999 1 997
1000 1 998
1001 1 999
1002 1 1000
1003 1 1001
1004 1 1002
1005 2 970 988
1006 1 1003
1007 1 1004
1008 2 292 973
1009 1 1006
1010 1 1007
1011 1 1009
1012 1 968
1013 1 1010
1014 1 985
1015 2 771 985
1016 1 1011
1017 1 1013
1018 1 1013
1019 1 1016
1020 1 1005
1021 1 1005
1022 1 1018
1023 1 1019
1024 1 1022
1025 1 1023
1026 1 1021
1027 1 907
1028 1 1025
1029 1 1026
1030 1 1028
1031 1 1029
1032 1 1030
1033 1 1032
1034 1 1024
1035 1 1031
1036 1 1034
1037 1 558
1038 1 1036
1039 1 1035
1040 2 1033 863
1041 1 1037
1042 1 1038
1043 1 1041
1044 1 1027
1045 1 1039
1046 1 1042
1047 1 1043
1048 1 1012
1049 2 744 1012
1050 1 1046
1051 1 1045
1052 1 1047
1053 1 1050
1054 2 600 594
1055 1 1008
1056 1 1051
1057 1 1052
1058 1 1054
1059 1 1056
1060 1 1057
1061 1 1015
1062 2 657 1015
1063 1 1058
1064 2 238 1020
1065 1 1059
1066 2 1053 838
1067 1 1060
1068 1 1063
1069 1 609
1070 2 1067 209
1071 1 1068
1072 1 1044
1073 1 1044
1074 1 1069
1075 1 1071
1076 1 1074
1077 1 1075
1078 1 1076
1079 1 1077
1080 1 1077
1081 1 1078
1082 1 1079
1083 1 1081
1084 1 1082
1085 1 1083
1086 1 1084
1087 1 1085
1088 1 1086
1089 2 1072 1073
1090 1 1087
1091 1 1088
1092 1 1070
1093 1 1090
1094 1 1091
1095 1 1093
1096 1 1094
1097 1 1094
1098 1 1095
1099 1 1055
1100 1 1096
1101 1 1098
1102 1 1062
1103 1 1062
1104 2 463 1062
1105 1 1100
1106 1 1101
1107 1 1105
1108 1 1106
1109 1 1107
1110 1 1089
1111 1 1108
1112 1 1109
1113 1 1099
1114 2 973 1099
1115 1 1111
1116 1 1092
1117 1 493
1118 1 1112
1119 1 1110
1120 1 1115
1121 2 1066 973
1122 1 1120
1123 1 1118
1124 1 1118
1125 1 855
1126 1 1123
1127 1 1125
1128 1 1126
1129 1 1127
1130 1 1128
1131 1 1129
1132 1 1130
1133 1 1131
1134 1 1114
1135 2 246 1114
1136 1 1132
1137 2 1117 512
1138 1 1133
1139 1 1136
1140 1 1138
1141 1 1139
1142 1 1140
1143 1 1141
1144 1 1142
1145 1 1104
1146 2 373 1104
1147 1 1143
1148 1 1144
1149 1 1147
1150 1 1148
1151 1 1149
1152 1 1150
1153 1 1151
1154 1 1137
1155 2 1017 1121
1156 1 1152
1157 1 1153
1158 1 1156
1159 1 1135
1160 1 1157
1161 1 1158
1162 1 1160
1163 1 861
1164 2 1162 677
1165 1 1161
1166 1 1163
1167 1 1165
1168 1 1166
1169 2 1164 341
1170 1 1146
1171 2 333 1146
1172 1 1167
1173 1 1168
1174 1 1172
1175 1 1154
1176 1 1173
1177 1 1174
1178 1 1176
1179 1 629
1180 2 220 1159
1181 1 1178
1182 1 1179
1183 1 1049
1184 1 629
1185 1 1119
1186 1 1171
1187 1 1182
1188 1 1184
1189 1 1187
1190 1 1188
1191 1 1189
1192 1 1190
1193 1 1175
1194 1 1191
1195 1 1192
1196 1 1194
1197 1 1195
1198 1 1196
1199 2 1181 1198
1200 1 1197
1201 0
1202 1 1154
1203 1 1200
1204 2 1185 238
1205 1 1201
1206 1 1203
1207 1 1205
1208 1 1206
1209 1 1207
1210 1 1208
1211 1 1209
1212 1 1210
1213 1 1211
1214 0
1215 1 1212
1216 2 372 385
1217 1 1214
1218 1 1215
1219 1 1217
1220 2 1193 1202
1221 1 1218
1222 1 1219
1223 1 1221
1224 1 1183
1225 1 1222
1226 1 1220
1227 1 1223
1228 1 1232
1229 1 1225
1230 1 1180
1231 1 1227
1232 1 1229
1233 1 1231
1234 1 1232
1235 1 1216
1236 1 1233
1237 1 1234
1238 1 1236
1239 1 1237
1240 1 1238
1241 1 1239
1242 1 1240
1243 1 1241
1244 1 1242
1245 1 861
1246 1 1244
1247 1 1230
1248 1 1245
1249 1 1246
1250 1 1155
1251 1 1248
1252 1 1235
1253 1 1249
1254 1 1251
1255 1 855
1256 1 1253
1257 1 1254
1258 1 1255
1259 1 1257
1260 1 1258
1261 1 1259
1262 1 1260
1263 1 1261
1264 1 1262
1265 1 1263
1266 1 1263
1267 1 1264
1268 1 1252
1269 1 1252
1270 1 1265
1271 1 1267
1272 1 869
1273 1 1271
1274 1 1272
1275 1 1273
1276 1 1274
1277 1 1275
1278 1 1276
1279 1 1277
1280 2 802 1250
1281 1 1278
1282 1 1279
1283 1 1247
1284 1 1281
1285 1 1065
1286 2 1268 1269
1287 1 1284
1288 1 1285
1289 1 1287
1290 1 1288
1291 1 1289
1292 1 1290
1293 1 1291
1294 1 1292
1295 1 1293
1296 1 1294
1297 1 1295
1298 1 1296
1299 1 1297
1300 1 1283
1301 2 1230 1283
1302 1 1298
1303 1 1040
1304 1 1286
1305 1 1299
1306 1 1302
1307 1 1305
1308 1 1306
1309 1 1306
1310 1 1307
1311 1 1308
1312 1 1252
1313 1 1301
1314 2 1159 1301
1315 1 1304
1316 1 1310
1317 1 1311
1318 1 1312
1319 1 1316
1320 1 1045
1321 1 1319
1322 1 1320
1323 1 1318
1324 1 1321
1325 1 1322
1326 1 1314
1327 1 1314
1328 1 1323
1329 1 1324
1330 1 1325
1331 1 1329
1332 1 1328
1333 1 1330
1334 1 1331
1335 1 1333
1336 1 1332
1337 1 1334
1338 1 1335
1339 1 1337
1340 1 1286
1341 1 1303
1342 1 1338
1343 1 1317
1344 1 1339
1345 1 1280
1346 1 1343
1347 1 1340
1348 1 1344
1349 1 1346
1350 1 1347
1351 1 1348
1352 1 1349
1353 1 1351
1354 1 1350
1355 1 1352
1356 1 1353
1357 1 1355
1358 1 902
1359 2 1356 1213
1360 1 1354
1361 1 1357
1362 1 1358
1363 1 1360
1364 1 1361
1365 1 1362
1366 1 1364
1367 1 1365
1368 1 1363
1369 1 1366
1370 1 1367
1371 0
1372 1 1369
1373 1 1370
1374 1 1372
1375 1 1373
1376 1 1374
1377 1 1375
1378 1 1376
1379 1 1377
1380 1 1378
1381 1 1379
1382 1 1327
1383 1 1380
1384 1 1381
1385 1 1371
1386 1 1383
1387 1 1384
1388 1 1386
1389 1 1387
1390 1 1388
1391 1 1389
1392 1 1390
1393 1 1391
1394 1 1392
1395 1 1393
1396 1 1393
1397 1 1394
1398 1 1395
1399 1 1398
1400 1 1382
1401 1 1397
1402 1 1385
1403 1 1399
1404 1 1401
1405 1 1403
1406 1 1404
1407 1 1405
1408 1 1406
1409 1 1341
1410 1 1407
1411 1 1408
1412 1 1408
1413 1 1410
1414 1 1411
1415 1 1413
1416 1 1413
1417 1 1414
1418 1 1415
1419 1 1417
1420 1 1402
1421 1 1418
1422 1 1419
1423 1 1421
1424 1 1422
1425 1 1423
1426 1 1424
1427 1 1425
1428 1 1426
1429 1 1427
1430 1 1428
1431 1 1429
1432 1 1430
1433 1 1420
1434 1 1431
1435 1 1432
1436 1 1434
1437 1 1435
1438 1 1436
1439 1 1437
1440 1 1438
1441 1 1439
1442 1 902
1443 1 1441
1444 1 1440
1445 1 1336
1446 1 1442
1447 1 1445
1448 1 1446
1449 1 1447
1450 1 1103
1451 1 1433
1452 1 1448
1453 1 1449
1454 1 1452
1455 1 1453
1456 1 1454
1457 1 1455
1458 1 1456
1459 1 1457
1460 1 1458
1461 1 1409
1462 1 1459
1463 1 1460
1464 1 1462
1465 1 1463
1466 1 1451
1467 1 1451
1468 1 1464
1469 1 1465
1470 1 1468
1471 1 1469
1472 1 1470
1473 1 1471
1474 1 1472
1475 1 1450
1476 1 1473
1477 1 1473
1478 1 1474
1479 1 1400
1480 1 1476
1481 1 1478
1482 1 1461
1483 2 1303 1461
1484 1 1480
1485 1 1481
1486 1 1484
1487 2 1466 1467
1488 1 1485
1489 1 1486
1490 1 1488
1491 1 1489
1492 1 1489
1493 1 1490
1494 1 1490
1495 1 1491
1496 1 1493
1497 1 1495
1498 1 1483
1499 2 980 1483
1500 1 1496
1501 1 1497
1502 1 1500
1503 1 1502
1504 1 1501
1505 1 969
1506 2 1336 1332
1507 1 1487
1508 1 1479
1509 1 1504
1510 1 1506
1511 1 1509
1512 1 1510
1513 0
1514 0
1515 1 1513
1516 1 1514
1517 1 1515
1518 1 1516
1519 1 1517
1520 1 1518
1521 1 1519
1522 1 1520
1523 1 1521
1524 1 1507
1525 1 1507
1526 1 1505
1527 1 1505
1528 1 1522
1529 0
1530 1 1475
1531 1 1528
1532 1 1529
1533 1 1531
1534 1 1532
1535 1 1533
1536 1 1534
1537 1 1535
1538 1 1536
1539 1 1537
1540 1 1538
1541 1 1444
1542 0
1543 1 1540
1544 2 1524 1525
1545 1 1541
1546 1 1543
1547 1 1539
1548 1 1543
1549 1 1542
1550 1 1547
1551 1 1545
1552 1 1548
1553 1 1549
1554 1 1552
1555 1 1551
1556 1 1553
1557 1 1554
1558 1 1550
1559 1 1556
1560 1 1555
1561 1 1557
1562 1 1559
1563 1 1466
1564 1 1561
1565 1 1560
1566 1 1564
1567 1 1563
1568 1 1565
1569 1 1566
1570 1 1567
1571 1 1568
1572 1 1569
1573 1 1571
1574 1 1570
1575 1 1572
1576 1 1562
1577 1 1573
1578 1 1576
1579 1 1574
1580 1 1577
1581 1 1578
1582 1 1558
1583 1 1527
1584 1 1580
1585 1 1579
1586 1 1581
1587 1 1584
1588 1 1586
1589 1 1585
1590 1 1587
1591 1 1588
1592 1 1589
1593 1 1590
1594 1 1591
1595 1 1593
1596 1 1592
1597 1 1594
1598 1 1524
1599 1 1596
1600 1 1597
1601 1 1599
1602 1 1598
1603 1 1600
1604 1 1601
1605 1 1595
1606 1 1602
1607 1 1583
1608 1 1583
1609 1 1604
1610 1 1605
1611 1 1606
1612 1 1609
1613 1 1609
1614 1 1610
1615 1 1612
1616 1 1608
1617 1 1611
1618 1 1614
1619 1 1615
1620 1 1618
1621 1 1617
1622 1 1619
1623 1 1620
1624 1 1622
1625 1 1621
1626 1 1623
1627 1 1624
1628 1 1626
1629 1 1625
1630 1 1627
1631 1 1596
1632 1 1629
1633 0
1634 1 1630
1635 1 1631
1636 1 1634
1637 1 1635
1638 1 1636
1639 1 1637
1640 1 1638
1641 1 1639
1642 1 1640
1643 3 1443 1064 1628
1644 1 1641
1645 1 1642
1646 1 1644
1647 1 1603
1648 1 1646
1649 1 1633
1650 0
1651 1 1616
1652 1 1616
1653 1 1648
1654 1 1648
1655 1 1648
1656 1 1650
1657 1 1655
1658 3 1468 1648 1655
1659 1 1656
1660 1 1652
1661 1 1657
1662 1 1659
1663 1 1661
1664 1 1662
1665 1 1663
1666 1 1664
1667 1 1665
1668 1 1666
1669 1 1649
1670 1 1667
1671 1 1668
1672 1 1670
1673 1 1671
1674 2 1672 1632
1675 1 1674
1676 1 1675
1677 1 1676
1678 1 1677
1679 1 1669
1680 1 1678
1681 1 1680
1682 1 1681
1683 1 1660
1684 1 1682
1685 1 1508
1686 1 1684
1687 1 1679
1688 2 1382 1685
1689 1 1643
1690 1 1687
1691 1 1688
1692 2 1479 1688
1693 1 1692
1694 2 1685 1692
1695 1 1690
1696 1 1694
1697 1 1694
1698 2 1690 1695
1699 2 1695 1467
1700 2 1695 1467
1701 2 1412 1689
1702 1 1697
1703 1 1698
1704 1 1702
1705 1 1703
1706 1 1704
1707 1 1702
1708 1 1707
1709 1 1707
1710 1 1705
1711 2 299 1706
1712 1 1709
1713 2 1705 1710
1714 1 1706
1715 2 1177 1712
1716 1 1714
1717 1 1714
1718 1 1044
1719 1 1718
1720 1 1713
1721 1 1713
1722 1 1712
1723 1 1722
1724 1 1715
1725 1 1719
1726 1 1720
1727 1 1725
1728 1 1726
1729 1 1727
1730 1 1721
1731 1 1728
1732 1 1729
1733 1 1731
1734 1 1732
1735 1 1724
1736 1 1733
1737 1 1110
1738 1 1736
1739 1 1730
1740 1 1738
1741 1 1740
1742 1 1740
1743 1 1737
1744 1 1742
1745 1 1741
1746 1 1743
1747 1 1744
1748 1 1745
1749 1 1747
1750 1 1746
1751 1 1748
1752 1 1739
1753 1 1735
1754 1 1749
1755 1 1751
1756 1 1750
1757 1 1754
1758 1 1755
1759 1 1756
1760 1 1757
1761 1 1758
1762 1 1760
1763 1 1761
1764 1 1759
1765 1 1762
1766 1 1763
1767 1 1154
1768 1 1764
1769 1 1765
1770 1 1768
1771 1 1767
1772 1 1769
1773 1 1770
1774 1 1772
1775 1 1771
1776 1 1774
1777 1 1775
1778 1 1776
1779 1 1752
1780 3 1739 1544 1752
1781 1 1777
1782 1 1778
1783 1 1782
1784 1 1781
1785 1 1783
1786 1 1784
1787 1 1753
1788 1 1785
1789 0
1790 1 1788
1791 1 1790
1792 1 1791
1793 3 1315 1544 1780
1794 1 1787
1795 2 1724 1787
1796 1 1792
1797 1 1796
1798 1 1779
1799 1 1797
1800 1 1799
1801 1 1795
1802 1 1800
1803 1 1770
1804 1 1803
1805 0
1806 1 1789
1807 1 1805
1808 1 1806
1809 1 1807
1810 1 1808
1811 1 1810
1812 1 1809
1813 3 1315 1226 1793
1814 1 1811
1815 1 1812
1816 1 1789
1817 1 1816
1818 1 1815
1819 1 1817
1820 1 1819
1821 1 1820
1822 1 1821
1823 1 1818
1824 1 1823
1825 1 1824
1826 1 1825
1827 1 1826
1828 3 1119 1226 1813
1829 1 1827
1830 1 1804
1831 1 1711
1832 1 1830
1833 1 1832
1834 1 1829
1835 1 1833
1836 1 1835
1837 1 1836
1838 1 1837
1839 3 1342 1828 1798
1840 1 1838
1841 1 1840
1842 1 1841
1843 2 1706 1831
1844 1 1842
1845 1 1844
1846 1 1717
1847 1 1845
1848 1 1847
1849 1 1848
1850 1 1849
1851 2 1831 336
1852 1 1850
1853 1 1852
1854 1 1853
1855 1 1854
1856 1 1846
1857 1 1855
1858 1 1851
1859 1 1851
1860 1 1843
1861 1 1857
1862 1 1861
1863 1 1862
1864 1 1863
1865 1 1864
1866 1 1865
1867 1 1866
1868 1 1867
1869 1 1868
1870 1 1869
1871 1 1834
1872 1 1870
1873 1 1764
1874 1 1872
1875 1 1873
1876 1 1875
1877 1 1876
1878 1 1734
1879 2 1860 1851
1880 1 1877
1881 1 1878
1882 1 1880
1883 1 1881
1884 1 1882
1885 1 1734
1886 1 1884
1887 2 1882 1884
1888 1 1885
1889 1 1879
1890 1 1879
1891 1 1886
1892 1 1888
1893 1 1891
1894 1 1892
1895 2 1893 1883
1896 1 1894
1897 1 1786
1898 1 1896
1899 1 1897
1900 1 1898
1901 1 1899
1902 1 1900
1903 1 1901
1904 1 1902
1905 1 1903
1906 1 1904
1907 1 1890
1908 1 1890
1909 1 1905
1910 1 1906
1911 1 1909
1912 1 1910
1913 1 1911
1914 1 1912
1915 1 1913
1916 1 1914
1917 1 1915
1918 1 1916
1919 1 1917
1920 1 1918
1921 1 1919
1922 1 1920
1923 1 1908
1924 2 1256 1908
1925 1 1908
1926 1 1921
1927 1 1922
1928 1 1922
1929 1 1926
1930 1 1927
1931 1 1929
1932 1 1930
1933 1 1931
1934 1 1786
1935 1 1933
1936 1 1934
1937 1 1925
1938 1 1935
1939 1 1936
1940 1 1938
1941 1 1939
1942 1 1940
1943 1 1941
1944 1 1942
1945 1 1943
1946 1 1944
1947 1 1945
1948 1 1946
1949 1 1947
1950 1 1859
1951 1 1948
1952 1 1949
1953 1 1951
1954 1 1952
1955 1 1953
1956 1 1954
1957 1 1955
1958 1 1956
1959 1 1957
1960 1 1958
1961 1 1959
1962 1 1960
1963 1 1961
1964 1 1962
1965 1 1963
1966 1 1964
1967 1 1965
1968 1 1966
1969 1 1950
1970 1 1967
1971 1 1968
1972 1 1970
1973 1 1971
1974 1 1972
1975 1 1973
1976 1 1974
1977 1 1975
1978 1 1976
1979 1 1977
1980 1 1978
1981 1 1979
1982 1 1980
1983 1 1981
1984 1 1982
1985 1 1983
1986 1 1984
1987 1 1985
1988 1 1986
1989 1 1987
1990 1 1988
1991 1 1989
1992 1 1990
1993 1 1991
1994 1 1818
1995 1 1992
1996 1 1994
1997 1 1499
1998 1 1995
1999 1 1996
2000 1 1998
2001 1 1999
2002 1 2000
2003 1 2001
2004 1 2002
2005 1 2003
2006 1 2004
2007 1 2005
2008 1 2006
2009 1 2007
2010 1 2007
2011 1 2008
2012 1 2009
2013 1 2011
2014 1 1814
2015 1 2012
2016 2 2010 1871
2017 1 2014
2018 1 2015
2019 1 2017
2020 1 2018
2021 1 2019
2022 1 1821
2023 1 2021
2024 1 2022
2025 1 2023
2026 1 2024
2027 1 2025
2028 1 2026
2029 1 2027
2030 1 2028
2031 1 2029
2032 1 2030
2033 1 2031
2034 1 2032
2035 1 2033
2036 3 956 1997 1345
2037 1 2034
2038 1 2035
2039 1 2035
2040 1 2037
2041 1 2040
2042 1 1924
2043 1 2041
2044 1 2043
2045 1 2044
2046 1 2045
2047 1 2039
2048 1 2046
2049 1 2048
2050 1 2049
2051 1 2050
2052 1 2051
2053 1 1856
2054 1 2052
2055 1 2042
2056 1 2055
2057 1 1969
2058 2 2053 1795
2059 1 2058
2060 1 2057
2061 1 2056
2062 1 2059
2063 1 2062
2064 2 2053 2062
2065 1 2060
2066 1 2064
2067 2 1846 2064
2068 1 2061
2069 1 2067
2070 2 1177 2067
2071 1 2068
2072 0
2073 1 2070
2074 1 2073
2075 1 2065
2076 1 2072
2077 1 2076
2078 2 2076 2073
2079 1 2075
2080 2 2057 2075
2081 1 2071
2082 1 2080
2083 2 1950 2080
2084 1 2083
2085 2 1359 2083
2086 2 1181 2083
2087 1 2078
2088 1 2081
2089 1 2088
2090 1 2087
2091 1 2086
2092 1 2085
2093 1 2091
2094 1 2089
2095 2 1228 2092
2096 1 1701
2097 1 2094
2098 1 2097
2099 2 2081 2097
2100 1 2099
2101 2 2061 2099
2102 1 2101
2103 2 2042 2101
2104 1 2103
2105 2 2103 1253
2106 1 2105
2107 1 2096
2108 1 2095
2109 1 2106
2110 2 2106 1223
2111 1 2107
2112 2 1689 2107
2113 2 1266 2108
2114 1 2110
2115 1 2112
2116 1 2114
2117 2 2114 1203
2118 1 2036
2119 1 1309
2120 1 2117
2121 1 2118
2122 1 2120
2123 2 2091 2120
2124 1 2113
2125 0
2126 1 2121
2127 2 1997 2121
2128 2 1345 2121
2129 1 2128
2130 2 1250 2128
2131 1 2127
2132 1 2123
2133 3 894 1120 603
2134 1 2130
2135 2 1121 2130
2136 1 2124
2137 1 2135
2138 1 2132
2139 1 2125
2140 3 991 1162 573
2141 1 2136
2142 2 2108 2136
2143 1 2142
2144 2 2092 2142
2145 1 2139
2146 1 2119
2147 1 2144
2148 2 2091 2144
2149 1 2145
2150 1 2140
2151 1 2146
2152 1 1839
2153 2 962 2150
2154 1 2151
2155 2 1416 1204
2156 1 2148
2157 1 2152
2158 1 2156
2159 1 2153
2160 1 2157
2161 2 1492 2157
2162 2 1928 249
2163 1 2155
2164 2 940 2159
2165 1 2161
2166 2 1396 2163
2167 1 2166
2168 1 2165
2169 1 2162
2170 1 2168
2171 1 2167
2172 2 1477 2157
2173 1 2171
2174 2 2163 2171
2175 1 2164
2176 1 2174
2177 1 2169
2178 1 2133
2179 1 2177
2180 1 2175
2181 1 2180
2182 2 2159 2180
2183 1 2180
2184 1 2172
2185 1 2182
2186 2 2150 2182
2187 1 2186
2188 2 2183 2181
2189 1 2184
2190 1 2189
2191 2 937 2188
2192 1 2149
2193 2 1874 2013
2194 1 2192
2195 1 2192
2196 1 2016
2197 1 2192
2198 1 2197
2199 2 2139 2197
2200 1 2191
2201 1 2196
2202 1 2201
2203 2 1871 2201
2204 1 2203
2205 2 1575 2203
2206 1 2203
2207 1 2206
2208 1 2193
2209 1 2200
2210 1 2205
2211 1 2209
2212 2 2178 2209
2213 2 2188 2209
2214 2 1546 2210
2215 1 2207
2216 1 2208
2217 1 2212
2218 1 2213
2219 2 1169 2213
2220 1 2216
2221 1 1120
2222 2 1124 2219
2223 1 2221
2224 1 1773
2225 1 2223
2226 2 1087 2223
2227 1 2214
2228 1 2222
2229 1 2227
2230 1 2229
2231 2 2210 2229
2232 2 2215 2229
2233 1 2226
2234 2 1097 2228
2235 1 2232
2236 1 2232
2237 1 2231
2238 1 2236
2239 1 2238
2240 1 2233
2241 2 612 2233
2242 1 2239
2243 1 2224
2244 1 2242
2245 1 2234
2246 1 2243
2247 1 2246
2248 2 1080 2245
2249 1 2244
2250 1 1887
2251 1 2245
2252 1 2251
2253 1 2249
2254 1 2250
2255 1 2253
2256 2 2239 2253
2257 1 2256
2258 1 2256
2259 1 2256
2260 1 2259
2261 0
2262 1 2261
2263 1 2254
2264 1 2263
2265 1 2248
2266 3 2258 2262 462
2267 2 1494 1684
2268 2 2241 2265
2269 2 2228 2265
2270 1 2265
2271 1 2270
2272 1 2269
2273 2 2219 2269
2274 1 2273
2275 2 680 2273
2276 1 1645
2277 1 2276
2278 1 2268
2279 1 2278
2280 1 2267
2281 1 2277
2282 3 1613 2277 1802
2283 1 2282
2284 1 2280
2285 2 1653 2283
2286 1 2275
2287 1 2284
2288 1 1658
2289 1 2260
2290 2 646 2286
2291 1 2289
2292 1 2285
2293 2 1686 1766
2294 1 2289
2295 1 2294
2296 1 2291
2297 1 2293
2298 1 2296
2299 1 2298
2300 3 1654 2297 2292
2301 1 2290
2302 1 2300
2303 2 620 2301
2304 1 2288
2305 1 2302
2306 1 2305
2307 2 2292 2305
2308 2 2297 2305
2309 1 2307
2310 2 2283 2307
2311 1 2303
2312 1 2308
2313 1 2310
2314 1 2304
2315 1 2266
2316 1 2314
2317 1 2311
2318 1 2317
2319 2 2301 2317
2320 1 2319
2321 2 2286 2319
2322 1 2315
2323 1 2321
2324 2 125 2318
2325 1 2322
2326 2 2262 2322
2327 2 414 2326
2328 1 2327
2329 1 2324
2330 1 2329
2331 2 702 2329
2332 0
2333 1 2328
2334 1 2328
2335 1 2331
2336 1 2332
2337 1 2335
2338 1 2337
2339 1 2334
2340 1 2336
2341 1 2340
2342 1 2339
2343 1 2339
2344 1 2341
2345 1 2341
2346 1 2345
2347 2 2336 2345
2348 1 2344
2349 1 2347
2350 0
2351 1 2348
2352 1 2351
2353 2 1530 2351
2354 1 2353
2355 2 1450 2353
2356 1 2350
2357 2 2356 631
2358 1 2355
2359 1 2355
2360 1 2357
2361 1 2360
2362 1 2359
2363 1 2360
2364 1 2363
2365 2 2356 2363
2366 1 2365
2367 1 2361
2368 1 2365
2369 1 2362
2370 1 2369
2371 1 2366
2372 1 2367
2373 1 2371
2374 2 523 2371
2375 1 2372
2376 1 2372
2377 1 859
2378 1 2374
2379 1 2374
2380 1 2376
2381 1 2380
2382 1 2380
2383 1 2382
2384 1 2383
2385 1 2383
2386 1 2377
2387 1 2385
2388 1 2379
2389 1 2387
2390 0
2391 1 2390
2392 1 2388
2393 1 2392
2394 2 2386 2392
2395 1 2391
2396 1 2394
2397 1 2395
2398 3 2194 2197 2395
2399 1 2396
2400 1 2398
2401 1 2399
2402 2 2386 2399
2403 1 2402
2404 2 2195 2400
2405 1 2404
2406 1 2405
2407 1 2406
2408 2 2400 2406
2409 1 2408
2410 1 2408
2411 1 2410
2412 1 2411
2413 1 2412
2414 2 2343 2412
2415 1 2414
2416 2 2414 2412
2417 1 2416
2418 1 2417
2419 2 2047 2417
2420 2 2054 2417
2421 1 2420
2422 1 1822
2423 1 2422
2424 1 2419
2425 1 2424
2426 1 1603
2427 1 2426
2428 1 2427
2429 1 2427
2430 1 2423
2431 2 2429 2417
2432 1 2430
2433 1 1673
2434 2 2433 2417
2435 1 2431
2436 1 2434
